    SELECTED TOPICS FROM CS - ASSIGNMENT 2
    
    DIGIT RECOGNITION USING NEURAL NETWORKS
    
    b1 = 0.1, b2 = 0.1, eta1 = 0.05, eta2 = 0.05, epsilon = 1.0
    					
HIDDEN NODES    :   05
TRUE POSITIVE   :   1349( 82.40% ACCURACY )
NUMBER OF ITERATIONS    :   621

CONFUSION MATRIX
 	0	1	2	3	4	5	6	7	8	9	

0	156	0	0	0	0	0	0	0	0	0	
1	0	136	21	0	14	0	1	1	12	1	
2	4	0	170	9	0	0	1	1	3	2	
3	0	0	6	152	0	2	0	4	0	2	
4	0	5	0	0	148	1	2	5	1	0	
5	1	0	0	4	1	134	0	1	7	14	
6	8	1	0	0	8	0	143	0	0	0	
7	0	0	0	3	0	3	0	156	0	0	
8	1	17	12	2	5	5	2	2	92	16	
9	0	4	2	19	3	41	0	11	3	89	

---------------------------------------------------------------------------------

HIDDEN NODES    :   06
TRUE POSITIVE   :   1438 ( 86.10% ACCURACY )
NUMBER OF ITERATIONS    :   501 

CONFUSION MATRIX
 	0	1	2	3	4	5	6	7	8	9	

0	153	0	0	0	0	0	3	0	0	0	
1	0	142	12	0	1	9	12	4	3	3	
2	1	0	167	20	0	0	1	0	1	0	
3	1	0	12	136	0	2	0	3	4	8	
4	0	1	0	0	146	5	1	7	0	2	
5	0	1	2	0	2	145	2	1	1	8	
6	0	2	0	0	1	0	157	0	0	0	
7	0	0	0	2	1	1	0	155	0	3	
8	0	10	3	3	2	11	3	0	110	12	
9	1	2	2	10	1	10	0	16	3	127

---------------------------------------------------------------------------------

HIDDEN NODES    :   07
TRUE POSITIVE   :   1427 ( 85.44% ACCURACY )
NUMBER OF ITERATIONS    :   422 

CONFUSION MATRIX

 	0	1	2	3	4	5	6	7	8	9	

0	153	0	0	0	0	0	3	0	0	0	
1	0	148	8	3	1	2	2	0	14	8	
2	4	1	181	2	0	0	0	0	1	1	
3	1	0	7	146	0	1	0	3	1	7	
4	0	4	0	0	140	0	5	12	0	1	
5	1	1	2	1	2	137	3	1	3	11	
6	2	1	0	0	2	0	154	0	1	0	
7	0	1	3	0	1	1	0	153	0	3	
8	2	9	2	2	0	3	1	2	132	1	
9	1	6	1	49	10	10	0	10	2	83			
    
-------------------------------------------------------------------------------

HIDDEN NODES    :   08    
TRUE POSITIVE   :   1434 ( 85% ACCURACY )
NUMBER OF ITERATIONS    :   345

CONFUSION MATRIX

 	0	1	2	3	4	5	6	7	8	9	

0	154	0	0	0	0	0	2	0	0	0	
1	3	129	9	3	1	1	4	0	35	1	
2	0	3	157	20	0	0	1	0	8	1	
3	0	0	14	145	0	1	0	1	2	3	
4	0	3	0	0	143	2	3	7	3	1	
5	0	0	0	0	1	146	4	0	7	4	
6	0	2	0	0	1	1	156	0	0	0	
7	0	0	2	1	1	0	0	155	1	2	
8	1	13	4	0	3	8	2	0	120	3	
9	5	0	0	23	8	7	0	9	10	110

-------------------------------------------------------------------------------

HIDDEN NODES    :   09   
TRUE POSITIVE   :   1447 ( 86.64% ACCURACY )
NUMBER OF ITERATIONS    :   293

CONFUSION MATRIX
 	0	1	2	3	4	5	6	7	8	9	

0	153	0	0	0	2	0	1	0	0	0	
1	0	123	3	3	0	0	20	2	27	8	
2	1	0	181	0	0	1	0	3	1	3	
3	0	0	2	150	0	0	0	4	3	7	
4	0	4	0	0	148	1	0	5	2	2	
5	1	1	1	1	3	141	2	1	1	10	
6	0	0	0	0	1	1	158	0	0	0	
7	3	0	4	1	0	0	0	153	0	1	
8	0	13	7	9	0	14	4	1	105	1	
9	0	6	0	9	6	4	0	12	0	135

-------------------------------------------------------------------------------

HIDDEN NODES    :   10   
TRUE POSITIVE   :   1400 ( 83.83% ACCURACY )
NUMBER OF ITERATIONS    :   355

CONFUSION MATRIX
 	0	1	2	3	4	5	6	7	8	9	

0	153	0	0	0	0	0	2	0	0	1	
1	0	137	27	2	3	0	9	0	1	7	
2	5	2	159	18	0	0	3	0	3	0	
3	0	0	16	132	0	1	0	1	7	9	
4	0	3	0	0	134	0	10	12	2	1	
5	4	0	2	0	3	143	2	0	3	5	
6	1	1	0	0	1	1	156	0	0	0	
7	0	0	0	3	1	0	0	155	1	2	
8	1	17	11	3	0	7	0	1	104	10	
9	0	1	3	10	4	1	0	23	3	127


MEMBERS:

1) YESHWANTH K - 2015A7PS0101H
2) BHARATH REDDY B - 2015A7PS0025H
3) SNIGDHA GRANDHI - 2015A8PS0495H
4) CH SAI SUNDAR NITIN - 2015A7PS0122H


